arg,99,0,1,192,224,255,11,19,81
bra,99,1,1,255,228,0,0,60,255
cro,99,2,0,230,0,0,255,255,255
eng,99,3,1,255,255,255,11,19,81
fra,99,4,1,11,19,81,255,255,255
mor,99,5,0,230,0,0,255,255,255
sen,99,6,0,255,255,255,0,150,100
jpn,99,7,0,11,19,81,255,255,255
pol,99,8,0,255,255,255,230,0,0
net,99,9,1,255,97,0,255,255,255
aus,99,10,0,255,228,0,0,150,100
spa,99,11,1,230,0,0,11,19,81
por,99,12,1,230,0,0,0,150,100
usa,99,13,0,11,19,81,255,255,255
argentina,brazil,croatia,england,france,morocco,senegal,japan,poland,netherlands,australia,spain,portugal,usa
1,world cup 2022